100
2672.5
23.0 16.0 84.0
49.0 38.0 66.0
95.0 50.0 10.0
39.0 68.0 92.0
68.0 80.0 57.0
70.0 43.0 36.0
62.0 21.0 72.0
41.0 74.0 54.0
62.0 66.0 19.0
81.0 83.0 94.0
49.0 56.0 43.0
13.0 64.0 61.0
20.0 66.0 40.0
15.0 49.0 20.0
96.0 30.0 49.0
19.0 59.0 35.0
10.0 19.0 100.0
88.0 79.0 80.0
92.0 67.0 41.0
12.0 92.0 35.0
85.0 99.0 12.0
95.0 50.0 79.0
37.0 17.0 36.0
82.0 92.0 59.0
47.0 37.0 73.0
27.0 67.0 41.0
71.0 47.0 62.0
10.0 81.0 54.0
26.0 54.0 44.0
84.0 74.0 83.0
100.0 41.0 23.0
51.0 54.0 94.0
56.0 77.0 96.0
65.0 25.0 83.0
13.0 46.0 55.0
44.0 87.0 31.0
55.0 78.0 93.0
25.0 98.0 58.0
92.0 25.0 88.0
81.0 99.0 75.0
54.0 21.0 24.0
29.0 31.0 40.0
87.0 13.0 68.0
26.0 82.0 85.0
41.0 76.0 17.0
80.0 85.0 18.0
75.0 23.0 18.0
17.0 15.0 42.0
91.0 20.0 66.0
69.0 45.0 80.0
80.0 21.0 34.0
87.0 37.0 24.0
39.0 85.0 43.0
80.0 86.0 42.0
16.0 75.0 45.0
31.0 87.0 23.0
72.0 34.0 81.0
75.0 56.0 95.0
47.0 69.0 23.0
55.0 21.0 51.0
98.0 58.0 99.0
68.0 21.0 57.0
11.0 40.0 32.0
83.0 15.0 33.0
44.0 63.0 29.0
94.0 24.0 92.0
59.0 67.0 33.0
19.0 50.0 70.0
83.0 61.0 14.0
60.0 36.0 84.0
78.0 66.0 67.0
71.0 84.0 33.0
81.0 45.0 85.0
14.0 94.0 26.0
61.0 83.0 13.0
95.0 64.0 21.0
65.0 52.0 95.0
34.0 49.0 40.0
14.0 54.0 72.0
48.0 46.0 90.0
26.0 10.0 76.0
47.0 30.0 70.0
75.0 12.0 33.0
20.0 83.0 39.0
74.0 22.0 72.0
57.0 77.0 29.0
50.0 34.0 41.0
77.0 31.0 96.0
35.0 23.0 87.0
13.0 24.0 97.0
19.0 48.0 69.0
37.0 54.0 55.0
88.0 82.0 26.0
46.0 42.0 66.0
98.0 37.0 18.0
32.0 23.0 79.0
14.0 24.0 66.0
17.0 14.0 12.0
18.0 100.0 76.0
21.0 30.0 87.0
