200
5493.5
55.0 52.0 77.0
53.0 56.0 53.0
42.0 20.0 45.0
63.0 33.0 23.0
64.0 13.0 48.0
88.0 81.0 17.0
76.0 19.0 17.0
61.0 90.0 52.0
94.0 16.0 68.0
81.0 15.0 13.0
72.0 29.0 35.0
66.0 15.0 53.0
88.0 87.0 39.0
20.0 94.0 30.0
27.0 100.0 37.0
57.0 85.0 96.0
51.0 82.0 63.0
90.0 36.0 51.0
84.0 84.0 74.0
40.0 56.0 56.0
79.0 47.0 42.0
44.0 74.0 59.0
39.0 54.0 71.0
41.0 41.0 38.0
86.0 21.0 39.0
59.0 72.0 67.0
34.0 92.0 11.0
67.0 54.0 60.0
46.0 54.0 44.0
50.0 73.0 49.0
99.0 70.0 84.0
41.0 45.0 91.0
37.0 97.0 78.0
76.0 79.0 16.0
74.0 85.0 95.0
72.0 95.0 62.0
53.0 94.0 89.0
67.0 54.0 18.0
94.0 92.0 72.0
56.0 76.0 42.0
48.0 69.0 99.0
43.0 45.0 18.0
55.0 15.0 24.0
54.0 74.0 77.0
95.0 84.0 76.0
44.0 80.0 99.0
97.0 24.0 62.0
42.0 24.0 64.0
96.0 42.0 76.0
25.0 41.0 26.0
52.0 13.0 25.0
21.0 15.0 62.0
70.0 92.0 81.0
58.0 88.0 91.0
98.0 39.0 31.0
19.0 89.0 93.0
28.0 40.0 69.0
76.0 79.0 81.0
20.0 53.0 99.0
98.0 100.0 66.0
60.0 87.0 89.0
82.0 65.0 61.0
17.0 17.0 12.0
40.0 27.0 17.0
30.0 60.0 84.0
91.0 87.0 38.0
23.0 81.0 41.0
84.0 27.0 59.0
29.0 44.0 68.0
82.0 24.0 98.0
66.0 19.0 77.0
36.0 68.0 19.0
18.0 50.0 28.0
26.0 51.0 77.0
71.0 15.0 24.0
89.0 25.0 55.0
83.0 68.0 69.0
32.0 65.0 87.0
28.0 15.0 79.0
27.0 31.0 43.0
48.0 19.0 38.0
50.0 42.0 41.0
22.0 98.0 62.0
30.0 94.0 74.0
14.0 90.0 20.0
38.0 65.0 12.0
36.0 30.0 37.0
85.0 71.0 10.0
44.0 70.0 74.0
67.0 93.0 30.0
84.0 52.0 32.0
58.0 11.0 45.0
25.0 13.0 43.0
36.0 22.0 44.0
59.0 74.0 86.0
47.0 86.0 33.0
69.0 31.0 26.0
26.0 16.0 37.0
24.0 53.0 67.0
86.0 32.0 68.0
50.0 49.0 20.0
98.0 89.0 77.0
41.0 34.0 92.0
19.0 21.0 51.0
39.0 19.0 71.0
21.0 64.0 13.0
99.0 72.0 31.0
53.0 36.0 52.0
59.0 13.0 59.0
60.0 59.0 29.0
24.0 80.0 19.0
54.0 55.0 55.0
35.0 81.0 24.0
17.0 89.0 49.0
45.0 73.0 25.0
88.0 63.0 92.0
33.0 41.0 63.0
76.0 67.0 84.0
41.0 45.0 46.0
32.0 35.0 57.0
36.0 23.0 41.0
80.0 27.0 79.0
60.0 73.0 14.0
37.0 13.0 32.0
67.0 28.0 49.0
78.0 59.0 41.0
83.0 38.0 76.0
38.0 35.0 63.0
65.0 80.0 61.0
86.0 86.0 56.0
39.0 89.0 64.0
48.0 64.0 59.0
25.0 32.0 43.0
22.0 84.0 40.0
66.0 74.0 72.0
64.0 12.0 16.0
85.0 70.0 80.0
53.0 58.0 36.0
32.0 24.0 89.0
65.0 29.0 95.0
100.0 100.0 58.0
69.0 67.0 75.0
81.0 34.0 40.0
94.0 98.0 23.0
53.0 30.0 17.0
12.0 51.0 18.0
85.0 28.0 99.0
14.0 93.0 42.0
50.0 56.0 77.0
81.0 70.0 46.0
57.0 77.0 20.0
32.0 33.0 72.0
80.0 51.0 90.0
21.0 59.0 93.0
96.0 46.0 19.0
13.0 23.0 59.0
48.0 61.0 38.0
75.0 94.0 95.0
42.0 69.0 63.0
63.0 96.0 68.0
59.0 95.0 56.0
74.0 42.0 44.0
46.0 60.0 84.0
35.0 23.0 65.0
17.0 82.0 65.0
18.0 71.0 36.0
38.0 75.0 44.0
64.0 70.0 49.0
46.0 87.0 40.0
37.0 34.0 58.0
75.0 95.0 47.0
80.0 34.0 43.0
60.0 93.0 73.0
30.0 17.0 13.0
54.0 48.0 33.0
76.0 87.0 95.0
37.0 77.0 65.0
55.0 32.0 50.0
43.0 68.0 38.0
67.0 38.0 80.0
36.0 92.0 57.0
60.0 95.0 13.0
31.0 83.0 81.0
52.0 89.0 77.0
47.0 73.0 31.0
71.0 62.0 32.0
62.0 15.0 64.0
59.0 77.0 70.0
68.0 16.0 77.0
51.0 31.0 83.0
98.0 60.0 49.0
77.0 12.0 67.0
19.0 15.0 59.0
90.0 22.0 25.0
21.0 17.0 24.0
34.0 20.0 33.0
19.0 52.0 95.0
92.0 67.0 28.0
48.0 82.0 89.0
75.0 56.0 75.0
