500
13603.0
77.0 22.0 50.0
57.0 33.0 59.0
27.0 55.0 12.0
19.0 46.0 68.0
93.0 61.0 99.0
96.0 58.0 73.0
13.0 99.0 71.0
17.0 99.0 13.0
48.0 83.0 92.0
30.0 51.0 36.0
79.0 70.0 88.0
67.0 75.0 73.0
92.0 61.0 31.0
86.0 44.0 45.0
15.0 82.0 66.0
10.0 14.0 39.0
30.0 40.0 79.0
42.0 80.0 67.0
15.0 48.0 35.0
83.0 98.0 51.0
72.0 38.0 25.0
36.0 58.0 43.0
23.0 37.0 55.0
95.0 61.0 89.0
76.0 76.0 42.0
75.0 75.0 96.0
59.0 66.0 49.0
57.0 53.0 82.0
45.0 25.0 18.0
79.0 96.0 25.0
24.0 11.0 98.0
29.0 30.0 94.0
40.0 39.0 30.0
12.0 42.0 97.0
10.0 67.0 88.0
72.0 21.0 82.0
44.0 53.0 51.0
63.0 28.0 72.0
34.0 88.0 98.0
66.0 41.0 53.0
68.0 15.0 70.0
62.0 89.0 60.0
65.0 88.0 19.0
81.0 93.0 92.0
46.0 68.0 53.0
64.0 47.0 99.0
27.0 25.0 87.0
62.0 84.0 88.0
63.0 24.0 48.0
90.0 93.0 78.0
60.0 43.0 49.0
96.0 55.0 41.0
47.0 24.0 60.0
21.0 36.0 55.0
86.0 57.0 91.0
75.0 60.0 67.0
53.0 61.0 27.0
39.0 55.0 34.0
66.0 96.0 21.0
74.0 47.0 94.0
73.0 85.0 51.0
67.0 80.0 97.0
13.0 81.0 66.0
26.0 46.0 25.0
78.0 86.0 53.0
100.0 77.0 48.0
48.0 61.0 23.0
21.0 84.0 91.0
17.0 83.0 82.0
82.0 58.0 23.0
67.0 22.0 85.0
65.0 85.0 65.0
57.0 81.0 70.0
22.0 41.0 14.0
83.0 17.0 62.0
69.0 97.0 51.0
40.0 79.0 23.0
72.0 98.0 97.0
71.0 22.0 33.0
77.0 61.0 69.0
42.0 96.0 17.0
56.0 13.0 36.0
59.0 52.0 15.0
13.0 45.0 22.0
19.0 45.0 75.0
100.0 86.0 73.0
89.0 42.0 68.0
69.0 79.0 94.0
30.0 91.0 50.0
96.0 92.0 33.0
49.0 40.0 25.0
33.0 59.0 42.0
79.0 43.0 21.0
97.0 92.0 90.0
16.0 88.0 58.0
10.0 76.0 44.0
72.0 73.0 22.0
90.0 86.0 60.0
60.0 46.0 96.0
74.0 22.0 63.0
61.0 61.0 80.0
49.0 43.0 34.0
94.0 47.0 11.0
23.0 97.0 90.0
93.0 28.0 18.0
63.0 19.0 32.0
72.0 76.0 62.0
13.0 50.0 38.0
70.0 87.0 49.0
51.0 13.0 58.0
16.0 28.0 75.0
31.0 38.0 79.0
91.0 92.0 99.0
32.0 79.0 30.0
36.0 54.0 14.0
62.0 10.0 99.0
14.0 63.0 90.0
86.0 92.0 76.0
23.0 45.0 63.0
69.0 99.0 87.0
51.0 88.0 19.0
98.0 44.0 50.0
87.0 85.0 26.0
11.0 70.0 88.0
48.0 72.0 24.0
23.0 65.0 99.0
63.0 63.0 19.0
92.0 44.0 39.0
44.0 71.0 83.0
23.0 29.0 81.0
64.0 98.0 36.0
89.0 82.0 36.0
79.0 37.0 26.0
84.0 12.0 70.0
40.0 19.0 82.0
59.0 49.0 79.0
57.0 29.0 96.0
90.0 21.0 15.0
31.0 37.0 30.0
90.0 48.0 43.0
92.0 78.0 89.0
10.0 62.0 19.0
35.0 97.0 13.0
55.0 27.0 70.0
85.0 73.0 46.0
47.0 78.0 26.0
89.0 68.0 83.0
55.0 66.0 40.0
72.0 83.0 16.0
84.0 44.0 73.0
52.0 79.0 21.0
95.0 71.0 41.0
41.0 48.0 91.0
51.0 34.0 31.0
87.0 50.0 68.0
59.0 28.0 53.0
21.0 88.0 29.0
79.0 28.0 87.0
69.0 71.0 41.0
69.0 14.0 72.0
86.0 21.0 65.0
23.0 71.0 79.0
18.0 36.0 44.0
60.0 79.0 20.0
53.0 19.0 41.0
35.0 37.0 92.0
92.0 25.0 11.0
61.0 38.0 63.0
20.0 78.0 59.0
34.0 93.0 62.0
65.0 76.0 76.0
96.0 77.0 15.0
55.0 89.0 89.0
18.0 55.0 44.0
84.0 39.0 51.0
100.0 87.0 70.0
51.0 12.0 16.0
30.0 84.0 33.0
53.0 63.0 73.0
45.0 97.0 39.0
25.0 25.0 19.0
60.0 84.0 30.0
89.0 13.0 58.0
56.0 18.0 81.0
76.0 34.0 50.0
57.0 60.0 13.0
59.0 26.0 33.0
83.0 28.0 25.0
16.0 90.0 52.0
77.0 56.0 76.0
34.0 14.0 46.0
77.0 59.0 38.0
42.0 53.0 75.0
12.0 52.0 49.0
42.0 51.0 93.0
16.0 50.0 70.0
97.0 69.0 33.0
16.0 85.0 85.0
30.0 28.0 81.0
62.0 32.0 72.0
17.0 79.0 59.0
64.0 82.0 78.0
77.0 79.0 51.0
17.0 83.0 76.0
28.0 60.0 45.0
67.0 87.0 23.0
10.0 33.0 61.0
76.0 99.0 36.0
23.0 45.0 55.0
77.0 99.0 51.0
68.0 82.0 68.0
86.0 33.0 98.0
86.0 95.0 95.0
31.0 79.0 35.0
45.0 51.0 72.0
28.0 14.0 18.0
41.0 23.0 27.0
71.0 65.0 75.0
31.0 53.0 18.0
87.0 23.0 53.0
60.0 77.0 95.0
39.0 99.0 82.0
92.0 80.0 91.0
81.0 42.0 20.0
12.0 82.0 61.0
85.0 25.0 43.0
100.0 96.0 97.0
99.0 66.0 20.0
61.0 44.0 17.0
16.0 10.0 93.0
77.0 99.0 73.0
92.0 47.0 99.0
71.0 12.0 81.0
63.0 25.0 37.0
56.0 73.0 92.0
23.0 23.0 79.0
64.0 60.0 54.0
90.0 96.0 50.0
53.0 51.0 89.0
86.0 97.0 85.0
51.0 50.0 22.0
19.0 17.0 51.0
42.0 48.0 30.0
19.0 44.0 78.0
19.0 57.0 73.0
33.0 16.0 70.0
59.0 12.0 19.0
14.0 48.0 76.0
54.0 30.0 97.0
60.0 88.0 89.0
30.0 14.0 47.0
15.0 48.0 82.0
30.0 95.0 88.0
44.0 61.0 95.0
45.0 16.0 97.0
99.0 51.0 92.0
92.0 33.0 31.0
40.0 15.0 18.0
28.0 88.0 80.0
14.0 99.0 61.0
45.0 18.0 52.0
53.0 73.0 31.0
10.0 26.0 60.0
86.0 89.0 96.0
32.0 71.0 25.0
37.0 100.0 61.0
98.0 37.0 67.0
43.0 27.0 87.0
74.0 11.0 27.0
73.0 61.0 19.0
56.0 64.0 72.0
79.0 59.0 12.0
71.0 97.0 31.0
74.0 52.0 90.0
70.0 61.0 58.0
83.0 39.0 55.0
60.0 16.0 16.0
65.0 85.0 52.0
59.0 76.0 33.0
98.0 24.0 96.0
45.0 56.0 13.0
98.0 53.0 27.0
67.0 11.0 34.0
76.0 98.0 83.0
22.0 12.0 19.0
56.0 64.0 79.0
61.0 65.0 46.0
95.0 78.0 24.0
65.0 72.0 98.0
61.0 23.0 30.0
44.0 14.0 64.0
42.0 85.0 79.0
91.0 45.0 39.0
98.0 11.0 21.0
22.0 95.0 53.0
69.0 99.0 15.0
19.0 87.0 47.0
78.0 70.0 46.0
80.0 52.0 31.0
71.0 76.0 86.0
56.0 98.0 18.0
66.0 58.0 49.0
21.0 84.0 61.0
34.0 99.0 70.0
25.0 82.0 35.0
66.0 70.0 51.0
41.0 29.0 72.0
33.0 65.0 48.0
11.0 69.0 10.0
37.0 26.0 21.0
88.0 31.0 69.0
59.0 81.0 13.0
52.0 47.0 56.0
42.0 23.0 16.0
78.0 69.0 53.0
49.0 82.0 46.0
10.0 57.0 35.0
75.0 70.0 66.0
32.0 55.0 34.0
74.0 99.0 44.0
38.0 80.0 59.0
85.0 43.0 12.0
18.0 20.0 51.0
61.0 48.0 41.0
17.0 66.0 25.0
99.0 19.0 27.0
47.0 82.0 39.0
16.0 68.0 76.0
44.0 37.0 65.0
42.0 46.0 40.0
56.0 29.0 27.0
46.0 53.0 57.0
11.0 35.0 42.0
31.0 72.0 12.0
86.0 70.0 96.0
23.0 95.0 71.0
15.0 71.0 90.0
12.0 30.0 91.0
93.0 14.0 79.0
81.0 96.0 76.0
54.0 82.0 81.0
14.0 43.0 60.0
49.0 14.0 29.0
41.0 45.0 27.0
45.0 83.0 43.0
63.0 49.0 36.0
12.0 28.0 18.0
98.0 23.0 59.0
62.0 100.0 14.0
72.0 65.0 72.0
41.0 37.0 39.0
32.0 26.0 44.0
69.0 96.0 47.0
29.0 77.0 49.0
60.0 23.0 72.0
42.0 64.0 96.0
39.0 51.0 32.0
14.0 52.0 87.0
31.0 66.0 28.0
11.0 88.0 67.0
66.0 60.0 86.0
39.0 28.0 30.0
44.0 52.0 25.0
97.0 42.0 64.0
33.0 45.0 100.0
49.0 36.0 23.0
93.0 54.0 40.0
25.0 81.0 78.0
58.0 49.0 96.0
48.0 97.0 88.0
83.0 84.0 95.0
47.0 48.0 83.0
49.0 85.0 81.0
92.0 92.0 69.0
34.0 100.0 83.0
26.0 63.0 69.0
63.0 22.0 67.0
78.0 99.0 22.0
100.0 29.0 93.0
48.0 16.0 47.0
60.0 86.0 44.0
84.0 72.0 56.0
40.0 69.0 84.0
75.0 49.0 43.0
61.0 83.0 56.0
23.0 59.0 11.0
72.0 75.0 57.0
88.0 85.0 46.0
13.0 24.0 31.0
99.0 85.0 39.0
88.0 88.0 47.0
90.0 78.0 53.0
84.0 22.0 69.0
30.0 60.0 83.0
79.0 10.0 80.0
23.0 58.0 29.0
54.0 82.0 19.0
56.0 50.0 45.0
75.0 79.0 46.0
61.0 29.0 27.0
89.0 22.0 44.0
71.0 22.0 86.0
49.0 71.0 37.0
65.0 52.0 48.0
98.0 23.0 45.0
27.0 26.0 27.0
52.0 86.0 44.0
68.0 93.0 14.0
41.0 80.0 79.0
36.0 78.0 85.0
49.0 76.0 66.0
68.0 13.0 13.0
31.0 62.0 94.0
34.0 89.0 92.0
88.0 65.0 63.0
73.0 14.0 86.0
14.0 62.0 89.0
21.0 56.0 80.0
37.0 29.0 41.0
94.0 39.0 36.0
40.0 27.0 58.0
39.0 94.0 27.0
62.0 88.0 53.0
99.0 53.0 17.0
55.0 69.0 21.0
30.0 48.0 51.0
97.0 35.0 32.0
45.0 23.0 45.0
43.0 22.0 12.0
88.0 56.0 10.0
40.0 29.0 80.0
44.0 41.0 44.0
79.0 74.0 38.0
71.0 23.0 58.0
23.0 67.0 85.0
17.0 61.0 55.0
76.0 22.0 63.0
65.0 17.0 83.0
60.0 15.0 52.0
60.0 45.0 74.0
73.0 49.0 91.0
39.0 18.0 76.0
11.0 35.0 25.0
17.0 30.0 18.0
21.0 10.0 83.0
89.0 25.0 29.0
90.0 84.0 10.0
62.0 78.0 92.0
54.0 11.0 51.0
19.0 16.0 56.0
22.0 28.0 26.0
14.0 52.0 27.0
27.0 42.0 71.0
39.0 79.0 58.0
12.0 30.0 14.0
20.0 35.0 32.0
78.0 58.0 36.0
43.0 40.0 73.0
34.0 17.0 16.0
57.0 42.0 73.0
58.0 37.0 22.0
35.0 52.0 41.0
40.0 82.0 12.0
24.0 21.0 19.0
32.0 91.0 37.0
63.0 11.0 58.0
100.0 24.0 30.0
29.0 18.0 49.0
36.0 69.0 28.0
42.0 82.0 40.0
48.0 88.0 90.0
12.0 87.0 41.0
57.0 55.0 62.0
76.0 44.0 56.0
83.0 70.0 34.0
78.0 40.0 43.0
85.0 32.0 94.0
52.0 51.0 54.0
79.0 72.0 41.0
23.0 74.0 33.0
90.0 72.0 77.0
93.0 27.0 92.0
14.0 99.0 95.0
36.0 11.0 93.0
55.0 31.0 55.0
41.0 83.0 39.0
13.0 17.0 72.0
85.0 40.0 48.0
66.0 93.0 11.0
79.0 28.0 44.0
20.0 78.0 85.0
54.0 34.0 84.0
40.0 90.0 64.0
47.0 49.0 61.0
80.0 89.0 76.0
69.0 18.0 15.0
49.0 72.0 18.0
71.0 40.0 72.0
25.0 66.0 97.0
33.0 38.0 35.0
